1 1978
2 1978
3 1978
6 1979
8 1979
9 1979
10 1979
12 1979
13 1979
14 1979
17 1979
18 1979
20 1979
21 1979
22 1979
23 1980
24 1980
25 1980
26 1980
28 1980
30 1980
31 1980
32 1980
33 1980
34 1980
35 1980
36 1980
37 1980
38 1980
39 1980
42 1980
46 1980
47 1980
48 1980
49 1980
51 1980
52 1981
53 1981
57 1981
60 1981
61 1981
62 1981
63 1981
64 1981
65 1981
66 1981
67 1981
68 1981
70 1981
72 1981
73 1981
74 1981
75 1981
76 1981
78 1981
79 1982
80 1982
81 1982
82 1982
83 1982
84 1982
85 1982
87 1982
88 1982
89 1982
90 1982
91 1982
92 1982
93 1982
94 1982
95 1982
96 1982
97 1982
98 1982
99 1982
100 1982
101 1982
102 1982
103 1983
104 1983
105 1983
106 1983
107 1983
108 1983
109 1983
111 1983
112 1983
113 1983
114 1983
115 1983
116 1983
117 1983
118 1983
119 1983
120 1983
122 1983
123 1983
125 1984
126 1984
127 1984
129 1984
131 1984
132 1984
133 1984
134 1984
135 1984
136 1984
137 1984
140 1984
141 1984
143 1984
144 1984
146 1984
148 1985
149 1985
150 1985
151 1985
152 1985
153 1985
154 1985
155 1985
156 1985
157 1985
158 1985
159 1985
160 1985
161 1985
162 1985
163 1985
164 1985
165 1985
166 1985
167 1985
168 1985
169 1985
170 1985
171 1985
172 1985
173 1985
174 1985
175 1985
176 1985
177 1985
178 1985
179 1985
180 1985
181 1985
182 1985
183 1985
184 1985
185 1985
186 1985
187 1985
188 1985
189 1985
190 1985
191 1985
192 1985
193 1985
194 1985
195 1986
196 1986
197 1986
198 1986
200 1986
201 1986
205 1986
207 1986
208 1986
209 1986
212 1986
214 1986
215 1986
216 1986
218 1986
219 1986
221 1986
222 1986
223 1986
224 1986
225 1986
226 1986
227 1986
228 1986
231 1986
232 1986
233 1986
234 1986
235 1986
239 1986
240 1986
241 1986
243 1986
244 1986
247 1987
249 1987
250 1987
251 1987
252 1987
253 1987
254 1987
261 1987
263 1987
265 1987
266 1987
267 1987
269 1987
270 1987
271 1987
272 1987
274 1987
275 1987
276 1987
278 1987
279 1987
281 1987
282 1987
283 1987
284 1987
285 1987
287 1987
288 1987
289 1987
291 1987
292 1987
293 1987
294 1987
295 1987
296 1987
297 1987
298 1987
299 1987
300 1987
301 1987
302 1987
303 1987
304 1987
305 1987
306 1987
307 1987
308 1987
312 1988
313 1988
314 1988
315 1988
317 1988
318 1988
319 1988
320 1988
321 1988
322 1988
324 1988
325 1988
326 1988
327 1988
328 1988
329 1988
330 1988
331 1988
332 1988
336 1988
337 1988
338 1988
339 1988
340 1988
341 1988
342 1988
343 1988
345 1988
346 1988
348 1988
349 1988
350 1988
351 1988
352 1988
353 1988
355 1988
359 1988
362 1988
364 1988
365 1988
366 1988
367 1988
368 1989
369 1989
370 1989
372 1989
373 1989
375 1989
376 1989
377 1989
378 1989
380 1989
381 1989
383 1989
384 1989
385 1989
386 1989
387 1989
388 1989
389 1989
390 1989
394 1989
395 1989
396 1989
397 1989
398 1989
399 1989
400 1989
401 1989
402 1989
403 1989
404 1989
406 1989
407 1989
408 1989
409 1989
410 1989
411 1989
412 1989
414 1989
415 1989
416 1989
417 1989
418 1989
419 1989
420 1989
421 1989
422 1989
424 1989
427 1989
429 1989
430 1989
431 1989
434 1989
435 1989
436 1989
437 1989
438 1989
439 1989
440 1990
441 1990
442 1990
443 1990
444 1990
445 1990
447 1990
448 1990
449 1990
451 1990
452 1990
453 1990
455 1990
456 1990
458 1990
461 1990
464 1990
465 1990
466 1990
467 1990
468 1990
469 1990
470 1990
472 1990
474 1990
476 1990
477 1990
478 1990
479 1990
481 1990
482 1990
483 1990
484 1990
485 1990
488 1990
489 1990
493 1990
494 1990
495 1990
496 1990
498 1990
499 1990
500 1990
501 1990
502 1990
505 1991
506 1991
507 1991
509 1991
511 1991
512 1991
513 1991
515 1991
516 1991
517 1991
518 1991
519 1991
520 1991
521 1991
522 1991
523 1991
524 1991
525 1991
526 1991
527 1991
528 1991
529 1991
530 1991
531 1991
532 1991
533 1991
534 1991
535 1991
536 1991
537 1991
538 1991
539 1991
540 1991
541 1991
542 1991
543 1991
544 1991
545 1991
546 1991
547 1991
548 1991
549 1991
550 1991
553 1991
554 1991
555 1991
556 1991
557 1991
558 1991
561 1991
562 1991
563 1991
565 1991
566 1991
567 1991
568 1991
570 1991
572 1991
574 1991
575 1991
576 1991
577 1991
579 1991
580 1992
581 1992
582 1992
583 1992
584 1992
585 1992
586 1992
587 1992
588 1992
589 1992
590 1992
592 1992
593 1992
594 1992
595 1992
596 1992
597 1992
598 1992
599 1992
600 1992
602 1992
603 1992
604 1992
605 1992
606 1992
607 1992
608 1992
609 1992
611 1992
612 1992
613 1992
614 1992
615 1992
616 1992
617 1992
618 1992
619 1992
620 1992
621 1992
622 1992
623 1992
624 1992
626 1992
627 1992
628 1992
629 1992
630 1992
631 1992
632 1992
633 1992
635 1992
636 1992
637 1992
638 1992
639 1992
640 1992
641 1992
642 1992
643 1992
644 1992
645 1992
646 1992
647 1992
648 1992
649 1992
650 1992
651 1992
652 1992
653 1992
654 1992
655 1992
656 1992
658 1992
659 1992
660 1993
661 1993
662 1993
663 1993
664 1993
665 1993
666 1993
667 1993
668 1993
669 1993
670 1993
671 1993
672 1993
673 1993
674 1993
676 1993
677 1993
678 1993
679 1993
680 1993
681 1993
682 1993
684 1993
685 1993
686 1993
687 1993
688 1993
689 1993
690 1993
691 1993
692 1993
693 1993
695 1993
696 1993
697 1993
698 1993
700 1993
701 1993
702 1993
703 1993
704 1993
705 1993
706 1993
707 1993
708 1993
710 1993
711 1993
712 1993
713 1993
715 1993
716 1993
717 1993
720 1994
721 1994
722 1994
723 1994
724 1994
725 1994
727 1994
728 1994
729 1994
730 1994
732 1994
733 1994
734 1994
735 1994
736 1994
737 1994
738 1994
739 1994
740 1994
741 1994
742 1994
743 1994
745 1994
747 1994
748 1994
749 1994
750 1994
752 1994
753 1994
754 1994
756 1994
757 1994
758 1994
759 1994
760 1994
762 1994
766 1994
768 1994
770 1994
773 1994
775 1994
776 1994
777 1994
778 1994
779 1994
780 1994
781 1994
782 1994
783 1994
784 1994
785 1994
786 1994
787 1994
788 1994
789 1994
790 1994
792 1994
793 1994
794 1994
796 1995
797 1995
798 1995
799 1995
802 1995
803 1995
804 1995
805 1995
806 1995
807 1995
809 1995
810 1995
811 1995
812 1995
813 1995
814 1995
815 1995
816 1995
817 1995
818 1995
819 1995
820 1995
821 1995
822 1995
823 1995
824 1995
825 1995
826 1995
827 1995
828 1995
829 1995
830 1995
831 1995
832 1995
833 1995
834 1995
835 1995
836 1995
837 1995
838 1995
839 1995
841 1995
842 1995
843 1995
844 1995
845 1995
846 1995
847 1995
848 1995
849 1995
850 1995
851 1995
852 1995
853 1995
856 1995
863 1995
864 1995
865 1995
866 1996
867 1996
868 1996
869 1996
870 1996
871 1996
872 1996
873 1996
874 1996
875 1996
876 1996
877 1996
878 1996
879 1996
880 1996
881 1996
882 1996
884 1996
885 1996
886 1996
887 1996
888 1996
889 1996
890 1996
891 1996
892 1996
893 1996
894 1996
895 1996
896 1996
897 1996
898 1996
899 1996
900 1996
901 1996
902 1996
903 1996
904 1996
906 1996
908 1996
909 1996
910 1996
911 1996
912 1996
913 1996
914 1996
915 1996
916 1996
918 1996
919 1996
920 1996
921 1996
922 1996
923 1996
924 1996
926 1996
927 1996
928 1996
929 1996
930 1996
931 1996
932 1996
933 1996
934 1996
935 1996
936 1996
938 1996
939 1996
940 1996
941 1996
942 1996
943 1996
944 1996
945 1996
946 1996
947 1996
948 1996
949 1997
950 1997
951 1997
953 1997
955 1997
957 1997
958 1997
959 1997
960 1997
962 1997
963 1997
964 1997
965 1997
966 1997
967 1997
968 1997
969 1997
970 1997
971 1997
972 1997
973 1997
974 1997
975 1997
976 1997
977 1997
978 1997
979 1997
980 1997
981 1997
982 1997
983 1997
984 1997
985 1997
986 1997
987 1997
988 1997
989 1997
990 1997
991 1997
992 1997
993 1997
994 1997
995 1997
996 1997
997 1997
998 1997
999 1997
1000 1997
1001 1997
1002 1997
1003 1997
1004 1997
1005 1997
1006 1997
1007 1997
1008 1997
1009 1997
1010 1997
1011 1997
1014 1997
1015 1997
1016 1997
1017 1997
1018 1997
1019 1997
1020 1997
1021 1997
1022 1997
1023 1997
1024 1998
1025 1998
1026 1998
1027 1998
1028 1998
1029 1998
1030 1998
1031 1998
1032 1998
1033 1998
1034 1998
1035 1998
1036 1998
1037 1998
1038 1998
1039 1998
1040 1998
1041 1998
1042 1998
1043 1998
1044 1998
1045 1998
1046 1998
1048 1998
1049 1998
1050 1998
1051 1998
1052 1998
1053 1998
1054 1998
1055 1998
1056 1998
1057 1998
1058 1998
1059 1998
1060 1998
1062 1998
1063 1998
1064 1998
1065 1998
1066 1998
1067 1998
1068 1998
1069 1998
1070 1998
1071 1998
1072 1998
1073 1998
1074 1998
1076 1998
1077 1998
1078 1998
1079 1998
1080 1998
1082 1998
1083 1998
1084 1998
1085 1998
1086 1998
1087 1998
1088 1998
1089 1998
1090 1998
1091 1998
1092 1998
1093 1998
1094 1998
1095 1998
1096 1998
1097 1998
1098 1998
1099 1998
1100 1998
1101 1998
1102 1998
1103 1998
1104 1998
1105 1998
1107 1998
1108 1998
1109 1998
1110 1999
1111 1999
1112 1999
1113 1999
1114 1999
1115 1999
1116 1999
1118 1999
1120 1999
1121 1999
1122 1999
1123 1999
1124 1999
1125 1999
1126 1999
1127 1999
1128 1999
1129 1999
1130 1999
1131 1999
1132 1999
1133 1999
1135 1999
1136 1999
1137 1999
1138 1999
1140 1999
1141 1999
1142 1999
1143 1999
1144 1999
1145 1999
1146 1999
1148 1999
1149 1999
1150 1999
1151 1999
1152 1999
1153 1999
1154 1999
1155 1999
1156 1999
1157 1999
1164 1999
1165 1999
1166 1999
1167 1999
1168 1999
1170 1999
1172 1999
1173 1999
1175 1999
1176 1999
1177 1999
1178 1999
1179 1999
1180 1999
1181 1999
1182 1999
1183 1999
1184 1999
1185 1999
1186 1999
1187 1999
1188 1999
1189 1999
1190 1999
1191 1999
1192 1999
1193 1999
1194 1999
1195 1999
1196 1999
1197 1999
1198 1999
1199 1999
1200 1999
1201 2000
1203 2000
1204 2000
1205 2000
1206 2000
1207 2000
1208 2000
1209 2000
1210 2000
1212 2000
1213 2000
1214 2000
1215 2000
1216 2000
1217 2000
1218 2000
1219 2000
1220 2000
1221 2000
1222 2000
1223 2000
1224 2000
1225 2000
1226 2000
1227 2000
1228 2000
1229 2000
1232 2000
1233 2000
1234 2000
1235 2000
1236 2000
1237 2000
1238 2000
1239 2000
1240 2000
1241 2000
1242 2000
1243 2000
1244 2000
1245 2000
1246 2000
1247 2000
1248 2000
1249 2000
1251 2000
1253 2000
1254 2000
1255 2000
1256 2000
1257 2000
1258 2000
1259 2000
1260 2000
1261 2000
1262 2000
1263 2000
1264 2000
1265 2000
1266 2000
1268 2000
1269 2000
1270 2000
1271 2000
1272 2000
1273 2000
1274 2000
1275 2000
1276 2000
1277 2000
1278 2000
1279 2000
1280 2000
1281 2000
1282 2000
1283 2000
1284 2000
1285 2001
1286 2001
1287 2001
1288 2001
1289 2001
1290 2001
1291 2001
1292 2001
1293 2001
1294 2001
1295 2001
1296 2001
1298 2001
1300 2001
1301 2001
1302 2001
1304 2001
1305 2001
1306 2001
1307 2001
1308 2001
1309 2001
1310 2001
1311 2001
1312 2001
1313 2001
1314 2001
1315 2001
1316 2001
1317 2001
1318 2001
1319 2001
1320 2001
1321 2001
1322 2001
1323 2001
1324 2001
1325 2001
1326 2001
1327 2001
1328 2001
1330 2001
1331 2001
1332 2001
1333 2001
1334 2001
1335 2001
1336 2001
1337 2001
1338 2001
1342 2001
1343 2001
1345 2001
1346 2001
1348 2001
1349 2001
1350 2001
1352 2001
1353 2001
1354 2001
1355 2001
1358 2001
1364 2001
1368 2001
1369 2001
1370 2001
1371 2001
1374 2001
1375 2001
1376 2001
1377 2001
1378 2001
1379 2001
1380 2001
1381 2001
1382 2001
1383 2001
1384 2001
1386 2002
1388 2002
1389 2002
1390 2002
1391 2002
1392 2002
1393 2002
1394 2002
1395 2002
1396 2002
1397 2002
1399 2002
1400 2002
1401 2002
1402 2002
1403 2002
1404 2002
1405 2002
1406 2002
1407 2002
1408 2002
1409 2002
1410 2002
1411 2002
1412 2002
1413 2002
1414 2002
1415 2002
1416 2002
1417 2002
1418 2002
1419 2002
1420 2002
1422 2002
1423 2002
1424 2002
1426 2002
1427 2002
1428 2002
1429 2002
1430 2002
1431 2002
1432 2002
1433 2002
1434 2002
1435 2002
1436 2002
1437 2002
1438 2002
1439 2002
1440 2002
1441 2002
1443 2002
1444 2002
1445 2002
1446 2002
1447 2002
1448 2002
1449 2002
1450 2002
1451 2002
1452 2002
1454 2002
1455 2002
1458 2002
1459 2002
1460 2002
1461 2002
1462 2002
1463 2002
1464 2002
1465 2002
1468 2002
1470 2002
1471 2003
1473 2003
1474 2003
1475 2003
1476 2003
1477 2003
1478 2003
1479 2003
1480 2003
1481 2003
1482 2003
1483 2003
1484 2003
1485 2003
1486 2003
1487 2003
1489 2003
1490 2003
1491 2003
1492 2003
1494 2003
1495 2003
1496 2003
1497 2003
1498 2003
1499 2003
1500 2003
1501 2003
1503 2003
1504 2003
1505 2003
1506 2003
1507 2003
1508 2003
1509 2003
1510 2003
1512 2003
1513 2003
1514 2003
1515 2003
1516 2003
1517 2003
1520 2003
1521 2003
1522 2003
1523 2003
1524 2003
1525 2003
1526 2003
1527 2003
1529 2003
1530 2003
1532 2003
1533 2003
1534 2003
1536 2003
1538 2003
1539 2003
1540 2003
1541 2003
1542 2003
1543 2003
1544 2003
1545 2003
1546 2003
1547 2003
1549 2003
1550 2003
1551 2003
1552 2003
1554 2003
1555 2003
1556 2003
1559 2004
1560 2004
1561 2004
1562 2004
1563 2004
1564 2004
1565 2004
1566 2004
1567 2004
1571 2004
1572 2004
1574 2004
1575 2004
1576 2004
1577 2004
1578 2004
1579 2004
1580 2004
1581 2004
1582 2004
1584 2004
1585 2004
1586 2004
1589 2004
1590 2004
1592 2004
1594 2004
1597 2004
1598 2004
1599 2004
1600 2004
1601 2004
1602 2004
1603 2004
1604 2004
1605 2004
1607 2004
1608 2004
1609 2004
1610 2004
1611 2004
1612 2004
1614 2004
1615 2004
1616 2004
1617 2004
1618 2004
1619 2004
1621 2004
1622 2004
1624 2004
1626 2004
1627 2004
1629 2004
1630 2004
1632 2004
1635 2004
1638 2004
1639 2004
1640 2004
1641 2004
1642 2004
1644 2004
1645 2004
1646 2004
1647 2004
1648 2004
1649 2004
1650 2004
1651 2004
1652 2004
1653 2004
1654 2004
1655 2004
